639
-682
-979
368
1000
102
721
555
-220
-513
-382
-557
390
299
737
-147
-143
-740
755
972
-170
954
626
116
707
-854
-915
574
748
136
-589
-910
503
-184
-861
-988
68
872
-315
519
-646
567
348
0
701
-373
939
0
-795
407
-509
672
-912
-313
165
-151
526
-396
254
-782
899
131
-915
-515
542
-537
-753
482
-196
-732
437
-495
-716
-218
-716
267
969
894
379
-313
116
-243
341
601
528
-145
799
420
-778
99
303
-475
-620
-637
-441
881
-932
945
483
103
-272
156
-301
394
-310
-849
-18
-975
390
750
-420
559
876
110
35
316
533
243
-334
645
-709
-328
-906
749
-135
-756
-884
923
735
-75
-551
427
-761
-356
-515
150
624
87
-350
-441
507
-909
179
397
-311
-391
-395
-400
-220
-287
847
-680
-806
423
80
-337
804
-644
836
-245
139
-695
-440
-753
-492
-974
836
-871
251
-914
-192
343
701
-778
-747
-320
430
157
-709
426
-470
761
-794
-897
-788
-472
-56
-190
-527
314
-185
-132
-242
715
-349
73
-617
-320
-967
588
-421
-792
-250
64
-514
-768
660
878
-58
172
-767
-522
-421
-389
-175
425
-873
870
524
63
460
782
-93
137
-293
157
-966
5
-239
-709
104
305
886
-911
-15
-630
155
574
774
-266
91
732
-223
710
-861
-234
-269
567
75
90
553
-927
468
601
328
676
220
409
-755
-918
882
481
-574
-148
800
-328
472
680
-904
1000
-51
75
848
-9
538
901
488
-321
461
-967
173
-20
-117
983
-693
529
-158
-25
265
922
384
-198
265
-276
209
-309
686
25
-294
145
86
-97
-536
121
-927
-414
166
766
311
626
-30
330
-688
137
-369
-327
-73
-395
292
504
-258
669
617
-44
-182
-532
798
-996
552
-113
-173
999
-809
-775
148
-563
-347
-443
935
430
-84
324
-737
-223
-29
-402
595
254
-799
26
788
720
-898
-992
392
706
-91
925
-575
-592
-294
-602
897
-963
-714
160
451
518
-610
-506
-703
-768
816
-465
344
-711
400
-603
530
360
505
-384
-421
308
-438
86
-230
963
-409
614
287
522
366
-69
-108
763
-464
-157
-136
681
-490
-29
-784
-218
319
-237
-520
102
125
-978
-520
739
577
338
-921
-904
-521
605
700
-605
-792
912
-313
198
655
-561
-416
-136
-618
-468
-773
-909
-439
349
148
585
-205
256
-479
-328
378
-803
958
-614
230
138
98
781
-892
-922
316
509
523
-852
-889
-285
873
816
-476
-348
-623
572
-772
-170
-156
-857
-754
689
519
-69
-601
784
1000
554
411
751
123
667
-995
-438
120
502
344
-926
-670
98
-995
934
-737
543
76
184
457
-860
-570
-74
814
660
746
955
